0 2 1 4 3 6 5 
340
0 2 1 6 3 4 5 
340
0 2 6 1 3 4 5 
340
0 2 6 4 3 1 5 
340
0 4 3 6 2 1 5 
340
0 6 2 4 3 1 5 
314
0 6 2 4 3 5 1 
314
0 4 1 2 6 3 5 
313
0 4 1 2 6 5 3 
313
0 1 4 2 3 5 6 
291
0 1 4 2 3 6 5 
291
0 1 4 2 6 3 5 
291
0 1 6 2 3 4 5 
291
0 1 6 2 3 5 4 
291
0 1 6 2 4 3 5 
291
0 4 1 2 3 5 6 
291
0 6 1 2 3 5 4 
291
0 6 1 2 3 4 5 
291
0 6 1 2 4 3 5 
291
0 1 4 2 6 5 3 
290
0 1 6 2 4 5 3 
290
0 6 1 2 4 5 3 
290
0 5 1 6 3 2 4 
255
0 5 6 3 4 2 1 
255
0 5 3 6 1 2 4 
255
0 5 3 6 4 2 1 
255
0 5 1 3 6 2 4 
255
0 5 4 6 3 2 1 
255
0 5 6 1 3 2 4 
255
0 5 6 3 1 2 4 
255
0 5 6 4 3 2 1 
255
0 5 3 1 6 2 4 
255
0 5 1 6 4 2 3 
254
0 5 4 6 1 2 3 
254
0 5 3 6 4 1 2 
254
0 5 3 6 2 1 4 
254
0 5 6 2 3 1 4 
254
0 5 6 1 4 2 3 
254
0 5 2 6 3 1 4 
254
0 5 6 3 2 1 4 
254
0 5 6 3 4 1 2 
254
0 5 6 4 1 2 3 
254
0 5 1 6 2 3 4 
253
0 5 6 4 2 3 1 
253
0 5 1 6 3 4 2 
253
0 5 4 6 1 3 2 
253
0 5 1 6 4 3 2 
253
0 5 6 2 3 4 1 
253
0 5 6 2 1 4 3 
253
0 5 6 2 1 3 4 
253
0 5 6 1 3 4 2 
253
0 5 2 6 1 3 4 
253
0 5 2 6 1 4 3 
253
0 5 2 6 3 4 1 
253
0 5 2 6 4 1 3 
253
0 5 2 6 4 3 1 
253
0 5 3 6 2 4 1 
253
0 5 4 6 2 3 1 
253
0 5 6 1 2 4 3 
253
0 5 6 1 2 3 4 
253
0 5 4 6 3 1 2 
253
0 5 6 2 4 1 3 
253
0 5 6 2 4 3 1 
253
0 5 6 3 1 4 2 
253
0 5 1 3 6 4 2 
253
0 5 6 3 2 4 1 
253
0 5 1 6 2 4 3 
253
0 5 4 6 2 1 3 
253
0 5 6 4 1 3 2 
253
0 5 6 4 2 1 3 
253
0 5 6 4 3 1 2 
253
0 5 3 6 1 4 2 
253
0 5 3 1 6 4 2 
253
0 5 6 1 4 3 2 
253
0 5 1 3 4 2 6 
227
0 5 1 3 2 4 6 
225
0 5 3 1 4 2 6 
215
0 5 1 2 4 3 6 
213
0 5 1 2 4 6 3 
213
0 5 1 4 2 3 6 
213
0 5 3 1 2 4 6 
213
0 5 1 4 2 6 3 
213
0 5 4 3 2 6 1 
204
0 5 4 2 3 6 1 
204
0 5 4 2 1 6 3 
204
0 5 4 1 2 3 6 
203
0 5 4 1 2 6 3 
203
0 5 2 1 4 6 3 
203
0 5 2 1 4 3 6 
203
0 5 4 3 2 1 6 
203
0 5 2 4 3 6 1 
195
0 5 2 4 1 6 3 
195
0 5 2 3 4 6 1 
195
0 5 2 3 4 1 6 
195
0 5 3 4 2 1 6 
194
0 5 3 4 2 6 1 
194
0 5 3 2 4 6 1 
186
0 5 3 2 4 1 6 
186