0 1 4 2 3 5 6 
291.092
0 1 4 2 3 6 5 
291.671
0 1 4 2 6 3 5 
291.441
0 1 4 2 6 5 3 
290.829
0 1 6 2 3 4 5 
291.303
0 1 6 2 3 5 4 
291.452
0 1 6 2 4 3 5 
291.244
0 1 6 2 4 5 3 
290.632
0 2 1 4 3 6 5 
340.948
0 2 1 6 3 4 5 
340.776
0 2 6 1 3 4 5 
340.581
0 2 6 4 3 1 5 
340.753
0 4 1 2 3 5 6 
291.276
0 4 1 2 6 3 5 
313.919
0 4 1 2 6 5 3 
313.307
0 4 3 6 2 1 5 
340.411
0 5 1 2 4 3 6 
213.976
0 5 1 2 4 6 3 
213.945
0 5 1 3 2 4 6 
225.744
0 5 1 3 4 2 6 
227.079
0 5 1 3 6 2 4 
255.694
0 5 1 3 6 4 2 
253.924
0 5 1 4 2 3 6 
213.779
0 5 1 4 2 6 3 
213.747
0 5 1 6 2 3 4 
253.927
0 5 1 6 2 4 3 
253.167
0 5 1 6 3 2 4 
255.563
0 5 1 6 3 4 2 
253.794
0 5 1 6 4 2 3 
254.744
0 5 1 6 4 3 2 
253.735
0 5 2 1 4 3 6 
203.985
0 5 2 1 4 6 3 
203.953
0 5 2 3 4 1 6 
195.147
0 5 2 3 4 6 1 
195.308
0 5 2 4 1 6 3 
195.196
0 5 2 4 3 6 1 
195.62
0 5 2 6 1 3 4 
253.927
0 5 2 6 1 4 3 
253.167
0 5 2 6 3 1 4 
254.158
0 5 2 6 3 4 1 
253.591
0 5 2 6 4 1 3 
253.338
0 5 2 6 4 3 1 
253.532
0 5 3 1 2 4 6 
213.999
0 5 3 1 4 2 6 
215.125
0 5 3 1 6 2 4 
255.725
0 5 3 1 6 4 2 
253.955
0 5 3 2 4 1 6 
186.479
0 5 3 2 4 6 1 
186.64
0 5 3 4 2 1 6 
194.625
0 5 3 4 2 6 1 
194.787
0 5 3 6 1 2 4 
255.725
0 5 3 6 1 4 2 
253.955
0 5 3 6 2 1 4 
254.319
0 5 3 6 2 4 1 
253.752
0 5 3 6 4 1 2 
254.127
0 5 3 6 4 2 1 
255.33
0 5 4 1 2 3 6 
203.778
0 5 4 1 2 6 3 
203.747
0 5 4 2 1 6 3 
204.225
0 5 4 2 3 6 1 
204.649
0 5 4 3 2 1 6 
203.969
0 5 4 3 2 6 1 
204.13
0 5 4 6 1 2 3 
254.744
0 5 4 6 1 3 2 
253.735
0 5 4 6 2 1 3 
253.338
0 5 4 6 2 3 1 
253.532
0 5 4 6 3 1 2 
253.966
0 5 4 6 3 2 1 
255.169
0 5 6 1 2 3 4 
253.927
0 5 6 1 2 4 3 
253.167
0 5 6 1 3 2 4 
255.563
0 5 6 1 3 4 2 
253.794
0 5 6 1 4 2 3 
254.744
0 5 6 1 4 3 2 
253.735
0 5 6 2 1 3 4 
253.927
0 5 6 2 1 4 3 
253.167
0 5 6 2 3 1 4 
254.158
0 5 6 2 3 4 1 
253.591
0 5 6 2 4 1 3 
253.338
0 5 6 2 4 3 1 
253.532
0 5 6 3 1 2 4 
255.694
0 5 6 3 1 4 2 
253.924
0 5 6 3 2 1 4 
254.288
0 5 6 3 2 4 1 
253.721
0 5 6 3 4 1 2 
254.096
0 5 6 3 4 2 1 
255.299
0 5 6 4 1 2 3 
254.744
0 5 6 4 1 3 2 
253.735
0 5 6 4 2 1 3 
253.338
0 5 6 4 2 3 1 
253.532
0 5 6 4 3 1 2 
253.966
0 5 6 4 3 2 1 
255.169
0 6 1 2 3 4 5 
291.137
0 6 1 2 3 5 4 
291.285
0 6 1 2 4 3 5 
291.078
0 6 1 2 4 5 3 
290.466
0 6 2 4 3 1 5 
314.526
0 6 2 4 3 5 1 
314.108
